3.*x-0.5
s=2 x1= 0.00 x2= 1.00 x0= 0.25
k=3.000000 k=3.555556
n1=0.000000 n2=2.666667


-3.*x+2.5
s=1 x1= 0.00 x2= 1.00 x0= 0.75
k=-3.000000 k=-3.555556
n1=2.666667 n2=-0.000000